// Converted by Obj2DatTexNorm.py Wavefront OBJ file conversion script
// (c) 2005-2012 By Giles Williams and Jens Ayton
// 
// original file: "cotbs-rock.obj"
// 
// model size: 3316.176 x 2120.918 x 1328.812
// 
// materials used: ['cotbs-rock.png']
// 
NVERTS 68
NFACES 120

VERTEX
478.94604 -474.25178 626.55765
-444.76102 -544.36659 626.55765
-512.37743 -193.79256 626.55765
0 0 626.55765
512.37743 193.79256 626.55765
994.51588 0 626.55765
0 1060.45922 0
-274.87743 880.80364 351.12712
-829.0441 820.91845 250
-889.52205 880.80364 0
719.63845 880.80364 217.0085
316.66667 820.91845 404.5085
719.63845 880.80364 -217.0085
1024.75486 820.91845 0
-274.87743 880.80364 -351.12712
316.66667 820.91845 -404.5085
-1549.90194 474.25178 0
-1164.39948 544.36659 351.12712
-1609.1605 0 -217.0085
-1341.42153 193.79256 -404.5085
-1164.39948 544.36659 -351.12712
-1609.1605 0 217.0085
-1658.08819 -193.79256 0
-478.94604 474.25178 611.8034
444.76102 544.36659 568.13562
0 0 626.55765
-512.37743 -193.79256 626.55765
-994.51588 0 568.13562
1253.89701 474.25178 378.11529
1439.27691 544.36659 0
1253.89701 474.25178 -378.11529
444.76102 544.36659 -568.13562
994.51588 0 -568.13562
1341.42153 -193.79256 -404.5085
1609.1605 0 -217.0085
-478.94604 474.25178 -611.8034
-994.51588 0 -568.13562
-512.37743 -193.79256 -654.5085
0 0 -702.25425
1549.90194 -474.25178 0
1164.39948 -544.36659 -351.12712
889.52205 -880.80364 0
829.0441 -820.91845 250
1164.39948 -544.36659 351.12712
478.94604 -474.25178 -611.8034
-444.76102 -544.36659 -568.13562
-1253.89701 -474.25178 -378.11529
-1439.27691 -544.36659 0
-1253.89701 -474.25178 378.11529
-444.76102 -544.36659 626.55765
478.94604 -474.25178 626.55765
274.87743 -880.80364 351.12712
0 -1060.45922 0
-829.0441 820.91845 -250
-1341.42153 193.79256 404.5085
512.37743 193.79256 626.55765
1658.08819 193.79256 0
1609.1605 0 217.0085
1341.42153 -193.79256 404.5085
994.51588 0 626.55765
512.37743 193.79256 -654.5085
829.0441 -820.91845 -250
274.87743 -880.80364 -351.12712
-316.66667 -820.91845 -404.5085
-719.63845 -880.80364 -217.0085
-1024.75486 -820.91845 0
-719.63845 -880.80364 217.0085
-316.66667 -820.91845 404.5085

FACES
0 0 0	0 0 0	3	0 1 2
0 0 0	0 0 0	3	0 2 3
0 0 0	0 0 0	3	3 4 5
0 0 0	0 0 0	3	3 5 0
0 0 0	0 0 0	3	6 7 8
0 0 0	0 0 0	3	6 8 9
0 0 0	0 0 0	3	6 10 11
0 0 0	0 0 0	3	6 11 7
0 0 0	0 0 0	3	6 12 13
0 0 0	0 0 0	3	6 13 10
0 0 0	0 0 0	3	6 14 15
0 0 0	0 0 0	3	6 15 12
0 0 0	0 0 0	3	16 9 8
0 0 0	0 0 0	3	16 8 17
0 0 0	0 0 0	3	16 18 19
0 0 0	0 0 0	3	16 19 20
0 0 0	0 0 0	3	16 21 22
0 0 0	0 0 0	3	16 22 18
0 0 0	0 0 0	3	23 7 11
0 0 0	0 0 0	3	23 11 24
0 0 0	0 0 0	3	23 17 8
0 0 0	0 0 0	3	23 8 7
0 0 0	0 0 0	3	23 25 26
0 0 0	0 0 0	3	23 26 27
0 0 0	0 0 0	3	28 10 13
0 0 0	0 0 0	3	28 13 29
0 0 0	0 0 0	3	28 24 11
0 0 0	0 0 0	3	28 11 10
0 0 0	0 0 0	3	30 12 15
0 0 0	0 0 0	3	30 15 31
0 0 0	0 0 0	3	30 29 13
0 0 0	0 0 0	3	30 13 12
0 0 0	0 0 0	3	30 32 33
0 0 0	0 0 0	3	30 33 34
0 0 0	0 0 0	3	35 20 19
0 0 0	0 0 0	3	35 19 36
0 0 0	0 0 0	3	35 31 15
0 0 0	0 0 0	3	35 15 14
0 0 0	0 0 0	3	35 36 37
0 0 0	0 0 0	3	35 37 38
0 0 0	0 0 0	3	39 34 33
0 0 0	0 0 0	3	39 33 40
0 0 0	0 0 0	3	39 41 42
0 0 0	0 0 0	3	39 42 43
0 0 0	0 0 0	3	44 38 37
0 0 0	0 0 0	3	44 37 45
0 0 0	0 0 0	3	44 40 33
0 0 0	0 0 0	3	44 33 32
0 0 0	0 0 0	3	46 18 22
0 0 0	0 0 0	3	46 22 47
0 0 0	0 0 0	3	46 36 19
0 0 0	0 0 0	3	46 19 18
0 0 0	0 0 0	3	46 45 37
0 0 0	0 0 0	3	46 37 36
0 0 0	0 0 0	3	48 27 26
0 0 0	0 0 0	3	48 26 49
0 0 0	0 0 0	3	48 47 22
0 0 0	0 0 0	3	48 22 21
0 0 0	0 0 0	3	50 43 42
0 0 0	0 0 0	3	50 42 51
0 0 0	0 0 0	3	52 51 42
0 0 0	0 0 0	3	52 42 41
0 0 0	0 0 0	3	9 53 14
0 0 0	0 0 0	3	9 14 6
0 0 0	0 0 0	3	14 53 20
0 0 0	0 0 0	3	14 20 35
0 0 0	0 0 0	3	17 54 21
0 0 0	0 0 0	3	17 21 16
0 0 0	0 0 0	3	20 53 9
0 0 0	0 0 0	3	20 9 16
0 0 0	0 0 0	3	21 54 27
0 0 0	0 0 0	3	21 27 48
0 0 0	0 0 0	3	24 55 25
0 0 0	0 0 0	3	24 25 23
0 0 0	0 0 0	3	27 54 17
0 0 0	0 0 0	3	27 17 23
0 0 0	0 0 0	3	29 56 57
0 0 0	0 0 0	3	29 57 28
0 0 0	0 0 0	3	57 56 34
0 0 0	0 0 0	3	57 34 39
0 0 0	0 0 0	3	57 58 59
0 0 0	0 0 0	3	57 59 28
0 0 0	0 0 0	3	59 55 24
0 0 0	0 0 0	3	59 24 28
0 0 0	0 0 0	3	59 58 43
0 0 0	0 0 0	3	59 43 50
0 0 0	0 0 0	3	31 60 32
0 0 0	0 0 0	3	31 32 30
0 0 0	0 0 0	3	34 56 29
0 0 0	0 0 0	3	34 29 30
0 0 0	0 0 0	3	32 60 38
0 0 0	0 0 0	3	32 38 44
0 0 0	0 0 0	3	38 60 31
0 0 0	0 0 0	3	38 31 35
0 0 0	0 0 0	3	40 61 41
0 0 0	0 0 0	3	40 41 39
0 0 0	0 0 0	3	43 58 57
0 0 0	0 0 0	3	43 57 39
0 0 0	0 0 0	3	41 61 62
0 0 0	0 0 0	3	41 62 52
0 0 0	0 0 0	3	45 63 62
0 0 0	0 0 0	3	45 62 44
0 0 0	0 0 0	3	62 61 40
0 0 0	0 0 0	3	62 40 44
0 0 0	0 0 0	3	62 63 64
0 0 0	0 0 0	3	62 64 52
0 0 0	0 0 0	3	47 65 64
0 0 0	0 0 0	3	47 64 46
0 0 0	0 0 0	3	64 63 45
0 0 0	0 0 0	3	64 45 46
0 0 0	0 0 0	3	64 65 66
0 0 0	0 0 0	3	64 66 52
0 0 0	0 0 0	3	49 67 66
0 0 0	0 0 0	3	49 66 48
0 0 0	0 0 0	3	66 65 47
0 0 0	0 0 0	3	66 47 48
0 0 0	0 0 0	3	66 67 51
0 0 0	0 0 0	3	66 51 52
0 0 0	0 0 0	3	51 67 49
0 0 0	0 0 0	3	51 49 50

TEXTURES
0	1.0 1.0	0.72217 0.13532	0.54915 0.45664	0.66454 0.53707
0	1.0 1.0	0.72217 0.13532	0.66454 0.53707	0.81628 0.38361
0	1.0 1.0	0.81628 0.38361	0.96802 0.23016	0.97539 0.02558
0	1.0 1.0	0.81628 0.38361	0.97539 0.02558	0.72217 0.13532
0	1.0 1.0	0.16232 0.30871	0.141 0.28699	0.03834 0.30912
0	1.0 1.0	0.16232 0.30871	0.03834 0.30912	0.01069 0.33426
0	1.0 1.0	0.16232 0.30871	0.31359 0.30504	0.25401 0.28832
0	1.0 1.0	0.16232 0.30871	0.25401 0.28832	0.141 0.28699
0	1.0 1.0	0.16232 0.30871	0.28994 0.36348	0.36004 0.34278
0	1.0 1.0	0.16232 0.30871	0.36004 0.34278	0.31359 0.30504
0	1.0 1.0	0.16232 0.30871	0.10273 0.38153	0.20992 0.39724
0	1.0 1.0	0.16232 0.30871	0.20992 0.39724	0.28994 0.36348
0	1.0 1.0	0.965 0.86429	0.89164 0.94716	0.91192 0.92182
0	1.0 1.0	0.965 0.86429	0.91192 0.92182	0.9586 0.86067
0	1.0 1.0	0.965 0.86429	0.92277 0.78818	0.87064 0.8383
0	1.0 1.0	0.965 0.86429	0.87064 0.8383	0.86949 0.90236
0	1.0 1.0	0.965 0.86429	0.97784 0.76241	0.94778 0.73866
0	1.0 1.0	0.965 0.86429	0.94778 0.73866	0.92277 0.78818
0	1.0 1.0	0.42252 0.67938	0.37847 0.60977	0.26367 0.61952
0	1.0 1.0	0.42252 0.67938	0.26367 0.61952	0.2413 0.66733
0	1.0 1.0	0.42252 0.67938	0.55303 0.67467	0.48562 0.62474
0	1.0 1.0	0.42252 0.67938	0.48562 0.62474	0.37847 0.60977
0	1.0 1.0	0.42252 0.67938	0.33015 0.77036	0.43071 0.80774
0	1.0 1.0	0.42252 0.67938	0.43071 0.80774	0.52376 0.77234
0	1.0 1.0	0.43998 0.34117	0.31359 0.30504	0.36004 0.34278
0	1.0 1.0	0.43998 0.34117	0.36004 0.34278	0.44929 0.38211
0	1.0 1.0	0.08095 0.68728	0.2413 0.66733	0.26367 0.61952
0	1.0 1.0	0.08095 0.68728	0.26367 0.61952	0.18243 0.61431
0	1.0 1.0	0.39877 0.44298	0.28994 0.36348	0.20992 0.39724
0	1.0 1.0	0.39877 0.44298	0.20992 0.39724	0.23844 0.4586
0	1.0 1.0	0.39877 0.44298	0.44929 0.38211	0.36004 0.34278
0	1.0 1.0	0.39877 0.44298	0.36004 0.34278	0.28994 0.36348
0	1.0 1.0	0.39877 0.44298	0.36596 0.53601	0.44763 0.54154
0	1.0 1.0	0.39877 0.44298	0.44763 0.54154	0.49628 0.48874
0	1.0 1.0	0.73634 0.91218	0.86949 0.90236	0.87064 0.8383
0	1.0 1.0	0.73634 0.91218	0.87064 0.8383	0.79153 0.81566
0	1.0 1.0	0.07259 0.47445	0.23844 0.4586	0.20992 0.39724
0	1.0 1.0	0.07259 0.47445	0.20992 0.39724	0.10273 0.38153
0	1.0 1.0	0.73634 0.91218	0.79153 0.81566	0.70316 0.78989
0	1.0 1.0	0.73634 0.91218	0.70316 0.78989	0.63427 0.83436
0	1.0 1.0	0.52185 0.52697	0.49628 0.48874	0.44763 0.54154
0	1.0 1.0	0.52185 0.52697	0.44763 0.54154	0.4366 0.58421
0	1.0 1.0	0.02044 0.88302	0.15039 0.96145	0.16522 0.94144
0	1.0 1.0	0.02044 0.88302	0.16522 0.94144	0.10034 0.88468
0	1.0 1.0	0.24203 0.10186	0.15678 0.01885	0.05503 0.05411
0	1.0 1.0	0.24203 0.10186	0.05503 0.05411	0.06318 0.1179
0	1.0 1.0	0.29479 0.60934	0.4366 0.58421	0.44763 0.54154
0	1.0 1.0	0.29479 0.60934	0.44763 0.54154	0.36596 0.53601
0	1.0 1.0	0.82917 0.71322	0.92277 0.78818	0.94778 0.73866
0	1.0 1.0	0.82917 0.71322	0.94778 0.73866	0.89988 0.67571
0	1.0 1.0	0.82917 0.71322	0.79153 0.81566	0.87064 0.8383
0	1.0 1.0	0.82917 0.71322	0.87064 0.8383	0.92277 0.78818
0	1.0 1.0	0.82917 0.71322	0.68755 0.72018	0.70316 0.78989
0	1.0 1.0	0.82917 0.71322	0.70316 0.78989	0.79153 0.81566
0	1.0 1.0	0.57311 0.87024	0.52376 0.77234	0.43071 0.80774
0	1.0 1.0	0.57311 0.87024	0.43071 0.80774	0.41826 0.87537
0	1.0 1.0	0.92513 0.66833	0.89988 0.67571	0.94778 0.73866
0	1.0 1.0	0.92513 0.66833	0.94778 0.73866	0.97784 0.76241
0	1.0 1.0	0.2376 0.86184	0.10034 0.88468	0.16522 0.94144
0	1.0 1.0	0.2376 0.86184	0.16522 0.94144	0.27491 0.94958
0	1.0 1.0	0.32461 0.9961	0.27491 0.94958	0.16522 0.94144
0	1.0 1.0	0.32461 0.9961	0.16522 0.94144	0.15039 0.96145
0	1.0 1.0	0.01069 0.33426	0.01109 0.37643	0.10273 0.38153
0	1.0 1.0	0.01069 0.33426	0.10273 0.38153	0.16232 0.30871
0	1.0 1.0	0.7604 0.97465	0.84847 0.9515	0.86949 0.90236
0	1.0 1.0	0.7604 0.97465	0.86949 0.90236	0.73634 0.91218
0	1.0 1.0	0.9586 0.86067	0.9733 0.79027	0.97784 0.76241
0	1.0 1.0	0.9586 0.86067	0.97784 0.76241	0.965 0.86429
0	1.0 1.0	0.86949 0.90236	0.84847 0.9515	0.89164 0.94716
0	1.0 1.0	0.86949 0.90236	0.89164 0.94716	0.965 0.86429
0	1.0 1.0	0.63946 0.78421	0.58907 0.74049	0.52376 0.77234
0	1.0 1.0	0.63946 0.78421	0.52376 0.77234	0.57311 0.87024
0	1.0 1.0	0.2413 0.66733	0.2296 0.73298	0.33015 0.77036
0	1.0 1.0	0.2413 0.66733	0.33015 0.77036	0.42252 0.67938
0	1.0 1.0	0.52376 0.77234	0.58907 0.74049	0.55303 0.67467
0	1.0 1.0	0.52376 0.77234	0.55303 0.67467	0.42252 0.67938
0	1.0 1.0	0.44929 0.38211	0.50696 0.43196	0.51993 0.43031
0	1.0 1.0	0.44929 0.38211	0.51993 0.43031	0.43998 0.34117
0	1.0 1.0	0.51993 0.43031	0.50696 0.43196	0.49628 0.48874
0	1.0 1.0	0.51993 0.43031	0.49628 0.48874	0.52185 0.52697
0	1.0 1.0	0.01054 0.78421	0.06565 0.81525	0.1358 0.77036
0	1.0 1.0	0.01054 0.78421	0.1358 0.77036	0.08095 0.68728
0	1.0 1.0	0.1358 0.77036	0.2296 0.73298	0.2413 0.66733
0	1.0 1.0	0.1358 0.77036	0.2413 0.66733	0.08095 0.68728
0	1.0 1.0	0.1358 0.77036	0.06565 0.81525	0.10034 0.88468
0	1.0 1.0	0.1358 0.77036	0.10034 0.88468	0.2376 0.86184
0	1.0 1.0	0.23844 0.4586	0.26405 0.52008	0.36596 0.53601
0	1.0 1.0	0.23844 0.4586	0.36596 0.53601	0.39877 0.44298
0	1.0 1.0	0.49628 0.48874	0.50696 0.43196	0.44929 0.38211
0	1.0 1.0	0.49628 0.48874	0.44929 0.38211	0.39877 0.44298
0	1.0 1.0	0.36596 0.53601	0.26405 0.52008	0.17876 0.55407
0	1.0 1.0	0.36596 0.53601	0.17876 0.55407	0.29479 0.60934
0	1.0 1.0	0.17876 0.55407	0.26405 0.52008	0.23844 0.4586
0	1.0 1.0	0.17876 0.55407	0.23844 0.4586	0.07259 0.47445
0	1.0 1.0	0.37947 0.14487	0.31158 0.1993	0.32818 0.23943
0	1.0 1.0	0.37947 0.14487	0.32818 0.23943	0.46396 0.17791
0	1.0 1.0	0.10034 0.88468	0.06565 0.81525	0.01054 0.78421
0	1.0 1.0	0.10034 0.88468	0.01054 0.78421	0.02044 0.88302
0	1.0 1.0	0.32818 0.23943	0.31158 0.1993	0.20081 0.19579
0	1.0 1.0	0.32818 0.23943	0.20081 0.19579	0.15266 0.26662
0	1.0 1.0	0.06318 0.1179	0.08638 0.18009	0.20081 0.19579
0	1.0 1.0	0.06318 0.1179	0.20081 0.19579	0.24203 0.10186
0	1.0 1.0	0.20081 0.19579	0.31158 0.1993	0.37947 0.14487
0	1.0 1.0	0.20081 0.19579	0.37947 0.14487	0.24203 0.10186
0	1.0 1.0	0.59724 0.65239	0.6768 0.66033	0.75451 0.63368
0	1.0 1.0	0.59724 0.65239	0.75451 0.63368	0.67183 0.5951
0	1.0 1.0	0.89988 0.67571	0.82799 0.62866	0.75451 0.63368
0	1.0 1.0	0.89988 0.67571	0.75451 0.63368	0.82917 0.71322
0	1.0 1.0	0.75451 0.63368	0.6768 0.66033	0.68755 0.72018
0	1.0 1.0	0.75451 0.63368	0.68755 0.72018	0.82917 0.71322
0	1.0 1.0	0.75451 0.63368	0.82799 0.62866	0.80958 0.60792
0	1.0 1.0	0.75451 0.63368	0.80958 0.60792	0.67183 0.5951
0	1.0 1.0	0.41826 0.87537	0.39105 0.93622	0.46757 0.95411
0	1.0 1.0	0.41826 0.87537	0.46757 0.95411	0.57311 0.87024
0	1.0 1.0	0.80958 0.60792	0.82799 0.62866	0.89988 0.67571
0	1.0 1.0	0.80958 0.60792	0.89988 0.67571	0.92513 0.66833
0	1.0 1.0	0.46757 0.95411	0.39105 0.93622	0.27491 0.94958
0	1.0 1.0	0.46757 0.95411	0.27491 0.94958	0.32461 0.9961
0	1.0 1.0	0.27491 0.94958	0.39105 0.93622	0.41826 0.87537
0	1.0 1.0	0.27491 0.94958	0.41826 0.87537	0.2376 0.86184

NAMES 1
cotbs-rock.png

NORMALS
0 0 1
0 0 1
0 0 1
0 0 1
0 0 1
0 0 1
0.00028 1 0
-0.09044 0.76946 0.63225
-0.31423 0.80435 0.50427
-0.36732 0.9301 0
0.27098 0.85708 0.43817
0.10227 0.69 0.71655
0.27098 0.85708 -0.43817
0.42981 0.90292 0
-0.09044 0.76946 -0.63225
0.10227 0.69 -0.71655
-0.79759 0.6032 0
-0.45239 0.54084 0.70911
-0.82741 0.00758 -0.56154
-0.51314 0.19726 -0.83533
-0.45239 0.54084 -0.70911
-0.82741 0.00758 0.56154
-0.96269 -0.27061 0
-0.12137 0.31289 0.942
0.11471 0.3928 0.91244
-0.02309 0.06086 0.99788
-0.16032 -0.0678 0.98473
-0.28723 0.00905 0.95782
0.48092 0.47473 0.73712
0.71857 0.69546 0
0.47982 0.46333 -0.74505
0.12987 0.41107 -0.90231
0.30516 0.00385 -0.95229
0.51314 -0.19726 -0.83533
0.82741 -0.00758 -0.56154
-0.13409 0.34582 -0.92867
-0.30516 -0.00385 -0.95229
-0.13755 -0.13793 -0.98085
0 0 -1
0.79759 -0.6032 0
0.45239 -0.54084 -0.70911
0.36732 -0.9301 0
0.31535 -0.80736 0.49873
0.45809 -0.55904 0.69111
0.13409 -0.34582 -0.92867
-0.12987 -0.41107 -0.90231
-0.47982 -0.46333 -0.74505
-0.71857 -0.69546 0
-0.48861 -0.45757 0.74289
-0.16928 -0.48659 0.85707
0.20216 -0.51919 0.83041
0.09728 -0.78386 0.61328
-0.00028 -1 0
-0.31423 0.80435 -0.50427
-0.51314 0.19726 0.83533
0.1067 0.20072 0.97382
0.96269 0.27061 0
0.83721 -0.00579 0.54685
0.54341 -0.21977 0.81019
0.3807 0.02324 0.92441
0.13755 0.13793 -0.98085
0.31423 -0.80435 -0.50427
0.09044 -0.76946 -0.63225
-0.10227 -0.69 -0.71655
-0.27098 -0.85708 -0.43817
-0.42981 -0.90292 0
-0.27378 -0.86474 0.42104
-0.10005 -0.72612 0.68025

END
