// Converted by Obj2DatTexNorm.py Wavefront OBJ file conversion script
// (c) 2005-2012 By Giles Williams and Jens Ayton
// 
// original file: "cotbs-sunspot2.obj"
// 
// model size: 8000.000 x 8000.000 x 250.000
// 
// materials used: ['cotbs-sunspot.png']
// 
NVERTS 17
NFACES 28

VERTEX
-4000 0 -81.98902
-2314.29332 -699.04002 -20.32235
-699.04002 -2314.29332 -20.32235
0 -4000 -81.98902
-2314.29332 699.04002 -20.32235
-699.04002 699.04002 80.63098
0 0 168.01098
-699.04002 -699.04002 80.63098
699.04002 -2314.29332 -20.32235
2314.29332 -699.04002 -20.32235
4000 0 -81.98902
699.04002 -699.04002 80.63098
2314.29332 699.04002 -20.32235
699.04002 2314.29332 -20.32235
0 4000 -81.98902
699.04002 699.04002 80.63098
-699.04002 2314.29332 -20.32235

FACES
0 0 0	0 0 0	3	0 1 2
0 0 0	0 0 0	3	0 2 3
0 0 0	0 0 0	3	0 4 5
0 0 0	0 0 0	3	0 5 6
0 0 0	0 0 0	3	3 2 7
0 0 0	0 0 0	3	3 7 6
0 0 0	0 0 0	3	3 8 9
0 0 0	0 0 0	3	3 9 10
0 0 0	0 0 0	3	10 9 11
0 0 0	0 0 0	3	10 11 6
0 0 0	0 0 0	3	10 12 13
0 0 0	0 0 0	3	10 13 14
0 0 0	0 0 0	3	14 13 15
0 0 0	0 0 0	3	14 15 6
0 0 0	0 0 0	3	14 16 4
0 0 0	0 0 0	3	14 4 0
0 0 0	0 0 0	3	6 7 1
0 0 0	0 0 0	3	6 1 0
0 0 0	0 0 0	3	6 11 8
0 0 0	0 0 0	3	6 8 3
0 0 0	0 0 0	3	6 15 12
0 0 0	0 0 0	3	6 12 10
0 0 0	0 0 0	3	6 5 16
0 0 0	0 0 0	3	6 16 14
0 0 0	0 0 0	3	1 7 2
0 0 0	0 0 0	3	8 11 9
0 0 0	0 0 0	3	12 15 13
0 0 0	0 0 0	3	16 5 4

TEXTURES
0	1.0 1.0	0.99999 0	0.87666 0.29809	0.87667 0.7019
0	1.0 1.0	0.99999 0	0.87667 0.7019	1 1
0	1.0 1.0	0.99999 0	0.7019 0.12334	0.5 0.32524
0	1.0 1.0	0.99999 0	0.5 0.32524	0.5 0.5
0	1.0 1.0	1 1	0.87667 0.7019	0.67476 0.5
0	1.0 1.0	1 1	0.67476 0.5	0.5 0.5
0	1.0 1.0	1 1	0.70191 0.87667	0.2981 0.87666
0	1.0 1.0	1 1	0.2981 0.87666	0.00001 1
0	1.0 1.0	0.00001 1	0.2981 0.87666	0.5 0.67476
0	1.0 1.0	0.00001 1	0.5 0.67476	0.5 0.5
0	1.0 1.0	0.00001 1	0.12334 0.70191	0.12333 0.2981
0	1.0 1.0	0.00001 1	0.12333 0.2981	0 0
0	1.0 1.0	0 0	0.12333 0.2981	0.32524 0.5
0	1.0 1.0	0 0	0.32524 0.5	0.5 0.5
0	1.0 1.0	0 0	0.29809 0.12333	0.7019 0.12334
0	1.0 1.0	0 0	0.7019 0.12334	0.99999 0
0	1.0 1.0	0.5 0.5	0.67476 0.5	0.87666 0.29809
0	1.0 1.0	0.5 0.5	0.87666 0.29809	0.99999 0
0	1.0 1.0	0.5 0.5	0.5 0.67476	0.70191 0.87667
0	1.0 1.0	0.5 0.5	0.70191 0.87667	1 1
0	1.0 1.0	0.5 0.5	0.32524 0.5	0.12334 0.70191
0	1.0 1.0	0.5 0.5	0.12334 0.70191	0.00001 1
0	1.0 1.0	0.5 0.5	0.5 0.32524	0.29809 0.12333
0	1.0 1.0	0.5 0.5	0.29809 0.12333	0 0
0	1.0 1.0	0.87666 0.29809	0.67476 0.5	0.87667 0.7019
0	1.0 1.0	0.70191 0.87667	0.5 0.67476	0.2981 0.87666
0	1.0 1.0	0.12334 0.70191	0.32524 0.5	0.12333 0.2981
0	1.0 1.0	0.29809 0.12333	0.5 0.32524	0.7019 0.12334

NAMES 1
cotbs-sunspot.png

NORMALS
-0.06238 0 0.99805
-0.06226 -0.06226 0.99612
-0.06226 -0.06226 0.99612
0 -0.06238 0.99805
-0.06226 0.06226 0.99612
-0.06226 0.06226 0.99612
0 0 1
-0.06226 -0.06226 0.99612
0.06226 -0.06226 0.99612
0.06226 -0.06226 0.99612
0.06238 0 0.99805
0.06226 -0.06226 0.99612
0.06226 0.06226 0.99612
0.06226 0.06226 0.99612
0 0.06238 0.99805
0.06226 0.06226 0.99612
-0.06226 0.06226 0.99612

END
